1,0.338061702,0.25226249,0.564988339,0.226778684,0.527981514,0.27774603,0.338061702,0.302371578,0.537328395,0.407717753,0.427617987,0.548289265,0.264575131,0.377964473,0.503952631,0.501996016,0.405998971,0.448210729,0.400891863,0.342857143,0.407717753,0.622531756,0.388449298,0.520988072,0.529640898,0.422370942,0.368034965,0.537852874,0.547010767,0.292770022,0.514265364,0.603249347,0.329045098,0.563544513,0.36623351,0.388449298,0.4,0.503952631,0.667894415,0.51610023,0.327968025,0.391230398,0.25226249,0.302371578,0.379536058,0.595465158,0.463816829,0.497050122,0.460132168,0,0.126773138,0.036885556,0.039840954,0.027788501,0.112687234,0.037796447,0.058848989,0.045175395,0.077556673,0.072074997,0,0.084515425,0,0.084515425,0.103509834,0.09035079,0.043643578,0.039840954,0.140981475,0,0.079681907,0,0.125552964,0,0,0.036037499,0.048795004,0,0,0.042257713,0.042257713,0.105736107,0,0.159363815,0.038778337,0,0.138013112,0,0.140642169,0.12344268,0.042257713,0,0,0,0.066299354,0.045175395,0,0.045175395,0
0.338061702,1,0.461934885,0.278543007,0.186338998,0.356197806,0.182574186,0.25,0.260874597,0.353208629,0.301511345,0.316227766,0.36860489,0.223606798,0.521749195,0.422368396,0.377123617,0.507072487,0.383016173,0.316227766,0.36623351,0.251259454,0.346944333,0.294627825,0.270369035,0.377168255,0.442492325,0.430928751,0.353553391,0.337099931,0.416975194,0.373632359,0.324442842,0.432590456,0.457604315,0.5,0.353553391,0.507092553,0.347832796,0.389144821,0.269407953,0.282958229,0.5143445,0.284267622,0.223606798,0.272165527,0.346944333,0.34299717,0.280056017,0.293568282,0.111111111,0.083333333,0.072739297,0.11785113,0.109599325,0.055555556,0.111803399,0.087038828,0.089087081,0.076471911,0.071066905,0.096225045,0.208333333,0.104257207,0.083333333,0.102062073,0.178174161,0.172132593,0.07856742,0.139009609,0.138675049,0.11785113,0.089087081,0.123796892,0.105409255,0.080845208,0.106600358,0.096225045,0.069504805,0.083333333,0.083333333,0.083333333,0.139009609,0.060858062,0.19641855,0.076471911,0.068041382,0.136082763,0.035533453,0.046225016,0.091287093,0.125,0.043033148,0.060858062,0.089087081,0.13074409,0.178174161,0.089087081,0.133630621,0.089087081
0.25226249,0.461934885,1,0.158361516,0.429058165,0.3855498,0.389249472,0.373101254,0.286038777,0.282391247,0.385694608,0.235969952,0.251477845,0.333711906,0.349602949,0.413167122,0.241209076,0.341394371,0.18844459,0.202259959,0.504524979,0.385694608,0.273115497,0.376889181,0.242100062,0.259794367,0.299667221,0.290129427,0.263822427,0.22998383,0.697518449,0.23897606,0.276685786,0.242100062,0.250872603,0.284267622,0.301511345,0.360374985,0.381385036,0.306335832,0.268043853,0.465378921,0.361873432,0.5,0.25425669,0.391674726,0.375533808,0.29250897,0.208978502,0.273115497,0.071066905,0.266500895,0.139572632,0.150755672,0.105149946,0.142133811,0.095346259,0.037113481,0.227921153,0.146734796,0.136363636,0.061545745,0.266500895,0.133366267,0.213200716,0.130558242,0.227921153,0.165144565,0.150755672,0.17782169,0.118262479,0.201007563,0.113960576,0.158361516,0.134839972,0.051708769,0.136363636,0.123091491,0.044455422,0.106600358,0.053300179,0.159900537,0.17782169,0.038924947,0.301511345,0.048911599,0.087038828,0.174077656,0.045454545,0.118262479,0.155699789,0.159900537,0.055048188,0.038924947,0.056980288,0.167248402,0.170940865,0.113960576,0.113960576,0.113960576
0.564988339,0.278543007,0.158361516,1,0.12456822,0.457921883,0.372934927,0.139271504,0.24913644,0.516514916,0.279946255,0.411054154,0.465447826,0.12456822,0.359863746,0.359863746,0.420180585,0.297350517,0.393919299,0.411054154,0.282494169,0.335935507,0.475760827,0.36109269,0.451856425,0.420230319,0.348008874,0.353779087,0.459572515,0.550861394,0.250159591,0.446025775,0.421732663,0.331361378,0.400596372,0.340441453,0.295439474,0.376658892,0.359863746,0.466926142,0.500278009,0.315264144,0.343840953,0.079180758,0.359863746,0.189524511,0.386555672,0.350311365,0.546053516,0.35682062,0,0,0.08104409,0.043768811,0.030528126,0,0.04152274,0.096976228,0.049629167,0.042601432,0,0,0,0,0.046423835,0.075809804,0,0,0,0,0,0,0,0,0,0.045037735,0.039590379,0.053605627,0,0,0.046423835,0.046423835,0,0.033903175,0,0.127804297,0,0,0,0.103005241,0,0.046423835,0,0.06780635,0,0,0,0,0,0.049629167
0.226778684,0.186338998,0.429058165,0.12456822,1,0.404368042,0.122474487,0.447213595,0.6,0.207322107,0.337099931,0.106066017,0.164845118,0.7,0.166666667,0.266666667,0.126491106,0.143222975,0.197642354,0.176776695,0.302371578,0.337099931,0.250640206,0.237170825,0.253916688,0.311399578,0.209529089,0.152145155,0.158113883,0.180906807,0.301232038,0.358057437,0.181369063,0.14509525,0.263117406,0.260874597,0.197642354,0.188982237,0.233333333,0.200804832,0.240965799,0.271163072,0.207019668,0.619750683,0.366666667,0.365148372,0.358057437,0.230089497,0.219178502,0.250640206,0,0.391311896,0.097590007,0.210818511,0.036760731,0.074535599,0.25,0.077849894,0.179284291,0.051298918,0.047673129,0,0.279508497,0.093250481,0.111803399,0.091287093,0.179284291,0.057735027,0.263523138,0.279751442,0.062017367,0.105409255,0.05976143,0.24913644,0.070710678,0,0.095346259,0,0,0.055901699,0.279508497,0.111803399,0.279751442,0,0.263523138,0.051298918,0.091287093,0.273861279,0,0.062017367,0.163299316,0.055901699,0,0,0,0.263117406,0.05976143,0.05976143,0.119522861,0.05976143
0.527981514,0.356197806,0.3855498,0.457921883,0.404368042,1,0.390195146,0.328797975,0.33084658,0.566154623,0.247840799,0.415900196,0.484786166,0.404368042,0.441128773,0.637186006,0.464990555,0.342223782,0.377804826,0.519875245,0.444616012,0.247840799,0.631797752,0.494052465,0.613387859,0.600981997,0.462146549,0.380321765,0.552176284,0.487686208,0.442940398,0.552823033,0.480042672,0.373366523,0.419136822,0.438397299,0.435928645,0.472404512,0.514650235,0.708646314,0.590538595,0.398726111,0.45661166,0.56079971,0.53915739,0.436251436,0.552823033,0.366524518,0.483429718,0.526498126,0.054799662,0.246598481,0.107624401,0.116247639,0.054054054,0.164398987,0.073521462,0.02861819,0.17574991,0.075431429,0.070099964,0.0474579,0.164398987,0.102838676,0.12329924,0.100673408,0.131812433,0.084895272,0.116247639,0.171397793,0.091192151,0.116247639,0.087874955,0.152640628,0.103975049,0.039872611,0.070099964,0.0474579,0.034279559,0.082199494,0.041099747,0.12329924,0.137118234,0.030015011,0.232495277,0.075431429,0.067115606,0.167789014,0.035049982,0.182384301,0.150075056,0.082199494,0.042447636,0.030015011,0.043937478,0.096723882,0.087874955,0.087874955,0.087874955,0.131812433
0.27774603,0.182574186,0.389249472,0.372934927,0.122474487,0.390195146,1,0.228217732,0.204124145,0.532015917,0.220192753,0.230940108,0.376867331,0.163299316,0.272165527,0.326598632,0.335658557,0.292352673,0.355023473,0.346410162,0.55549206,0.33028913,0.32158794,0.419573196,0.355409327,0.317820863,0.285132974,0.273297197,0.290473751,0.443129368,0.527046277,0.292352673,0.296174439,0.236939551,0.250640206,0.243432248,0.419573196,0.33946737,0.353815185,0.327912918,0.426286793,0.442807443,0.309889893,0.233549683,0.462681396,0.335410197,0.32158794,0.281800931,0.460178993,0.380058475,0.121716124,0.136930639,0.159363815,0.129099445,0.120060045,0.243432248,0.122474487,0.127128345,0.195180015,0.125656172,0.077849894,0.105409255,0.228217732,0.114208048,0.228217732,0.111803399,0.097590007,0.094280904,0.086066297,0.190346747,0.101273937,0.129099445,0.048795004,0.169515876,0.115470054,0.132842233,0.116774842,0.105409255,0.114208048,0.091287093,0.091287093,0.136930639,0.190346747,0.166666667,0.129099445,0.209426954,0.111803399,0.186338998,0.077849894,0.202547873,0.2,0.136930639,0.047140452,0.166666667,0.048795004,0.143222975,0.097590007,0.146385011,0.048795004,0.195180015
0.338061702,0.25,0.373101254,0.139271504,0.447213595,0.328797975,0.228217732,1,0.391311896,0.29801978,0.452267017,0.237170825,0.294883912,0.503115295,0.186338998,0.335410197,0.247487373,0.240192231,0.220970869,0.237170825,0.253546276,0.452267017,0.360288346,0.397747564,0.324442842,0.391674726,0.273304083,0.238144836,0.309359217,0.303389938,0.288675135,0.400320385,0.364998198,0.324442842,0.294174203,0.375,0.397747564,0.295803989,0.447213595,0.40411193,0.314309279,0.303169531,0.270030862,0.479701612,0.223606798,0.561341399,0.440352423,0.300122524,0.280056017,0.400320385,0.083333333,0.1875,0.109108945,0.11785113,0.041099747,0.166666667,0.111803399,0,0.200445931,0.114707867,0.106600358,0.072168784,0.125,0.104257207,0.1875,0.051031036,0.133630621,0.064549722,0.11785113,0.156385811,0.069337525,0.11785113,0.06681531,0.139271504,0.079056942,0.060633906,0.106600358,0.072168784,0.104257207,0.0625,0,0.125,0.156385811,0.091287093,0.176776695,0.114707867,0.102062073,0.153093109,0.053300179,0.138675049,0.136930639,0.0625,0.064549722,0.045643546,0.06681531,0.147087101,0.06681531,0.133630621,0.133630621,0.06681531
0.302371578,0.260874597,0.286038777,0.24913644,0.6,0.33084658,0.204124145,0.391311896,1,0.266556995,0.471939904,0.176776695,0.164845118,0.55,0.166666667,0.3,0.158113883,0.250640206,0.355756237,0.247487373,0.377964473,0.53935989,0.28644595,0.316227766,0.2901905,0.350324525,0.174607574,0.182574186,0.276699295,0.211057941,0.25819889,0.393863181,0.181369063,0.253916688,0.43852901,0.484481395,0.355756237,0.188982237,0.233333333,0.281126765,0.281126765,0.433860916,0.207019668,0.381385036,0.4,0.456435465,0.322251693,0.306785996,0.281800931,0.28644595,0,0.223606798,0.048795004,0.263523138,0.073521462,0,0.4,0.155699789,0.05976143,0,0,0,0.279508497,0.04662524,0,0.091287093,0.119522861,0.057735027,0.263523138,0.326376683,0.062017367,0.052704628,0.05976143,0.290659179,0.070710678,0,0.047673129,0,0,0.055901699,0.447213595,0.055901699,0.326376683,0,0.158113883,0.051298918,0.136930639,0.319504825,0,0,0.163299316,0.055901699,0,0,0,0.263117406,0.05976143,0.05976143,0.119522861,0.05976143
0.537328395,0.353208629,0.282391247,0.516514916,0.207322107,0.566154623,0.532015917,0.29801978,0.266556995,1,0.239616919,0.439796604,0.644462418,0.266556995,0.434389177,0.53311399,0.618146636,0.275723397,0.374634325,0.481681995,0.42538498,0.239616919,0.657494255,0.444878261,0.515682051,0.645600166,0.496457282,0.486664263,0.585366132,0.732259617,0.382359556,0.615075271,0.494195299,0.343788034,0.415619467,0.375284168,0.421463615,0.447773663,0.572603915,0.618521888,0.547153978,0.321246283,0.51094945,0.282391247,0.53311399,0.513701167,0.636284763,0.27258651,0.686245024,0.530237302,0.132453236,0.165566545,0.115614663,0.093658581,0.152426245,0.220755393,0.118469776,0.138342893,0.141598465,0.121547425,0.084717374,0.114707867,0.198679854,0.165710453,0.198679854,0.189258325,0.176998081,0.170996392,0.124878108,0.248565679,0.18367959,0.187317162,0.070799233,0.221363536,0.125656172,0.160623142,0.112956499,0.152943823,0.110473635,0.099339927,0.099339927,0.132453236,0.220947271,0.14509525,0.156097635,0.24309485,0.108147614,0.243332132,0.056478249,0.220415508,0.241825417,0.132453236,0.034199278,0.120912708,0.106198849,0.1558573,0.176998081,0.176998081,0.141598465,0.212397698
0.407717753,0.301511345,0.385694608,0.279946255,0.337099931,0.247840799,0.220192753,0.452267017,0.471939904,0.239616919,1,0.238365647,0.222277112,0.337099931,0.269679945,0.224733287,0.213200716,0.28968273,0.319801075,0.238365647,0.203858877,0.727272727,0.241402275,0.373101254,0.244557994,0.262431941,0.188352644,0.246182982,0.266500895,0.243934688,0.232103541,0.241402275,0.293469593,0.244557994,0.413918677,0.301511345,0.373101254,0.203858877,0.269679945,0.270765181,0.270765181,0.29250897,0.232621053,0.257129739,0.17978663,0.369274473,0.337963185,0.310252614,0.211100165,0.241402275,0,0.075377836,0,0,0.099136319,0,0.067419986,0.052486388,0,0.138342893,0.128564869,0,0.075377836,0,0.075377836,0.061545745,0.080582296,0.077849894,0,0.062869461,0,0.071066905,0,0.055989251,0,0,0.128564869,0.087038828,0.062869461,0,0,0,0.062869461,0,0.142133811,0.069171446,0,0.061545745,0,0,0.055048188,0.075377836,0,0,0,0.05913124,0.080582296,0,0.080582296,0
0.427617987,0.316227766,0.235969952,0.411054154,0.106066017,0.415900196,0.230940108,0.237170825,0.176776695,0.439796604,0.238365647,1,0.466252404,0.141421356,0.565685425,0.565685425,0.447213595,0.202547873,0.223606798,0.6,0.213808994,0.190692518,0.506369684,0.335410197,0.64123647,0.495433694,0.543251278,0.645497224,0.642869544,0.511681719,0.182574186,0.506369684,0.4360408,0.461690258,0.279078153,0.34258008,0.279508497,0.50779636,0.471404521,0.539563743,0.596359926,0.268437746,0.487950036,0.168549966,0.259272486,0.290473751,0.430414231,0.189814151,0.464947815,0.582325136,0.105409255,0.118585412,0.103509834,0.111803399,0.155962573,0.105409255,0.070710678,0.082572282,0.084515425,0.14509525,0.101129979,0.091287093,0.118585412,0.065938047,0.118585412,0.161374306,0.169030851,0.122474487,0.074535599,0.131876095,0.087705802,0.111803399,0.084515425,0.117444044,0.1,0.076696499,0.101129979,0.182574186,0.098907071,0.079056942,0.039528471,0.079056942,0.098907071,0.115470054,0.111803399,0.14509525,0.096824584,0.129099445,0.168549966,0.175411604,0.115470054,0.197642354,0.081649658,0.115470054,0.084515425,0.093026051,0.126773138,0.084515425,0.084515425,0.126773138
0.548289265,0.36860489,0.251477845,0.465447826,0.164845118,0.484786166,0.376867331,0.294883912,0.164845118,0.644462418,0.222277112,0.466252404,1,0.230783166,0.48354568,0.50552503,0.792354773,0.236096082,0.338835923,0.396314544,0.34891135,0.222277112,0.637459422,0.417028828,0.478364873,0.538993352,0.529610994,0.501607721,0.521286035,0.636194218,0.340502612,0.519411381,0.621874335,0.310937168,0.318073213,0.294883912,0.338835923,0.498444786,0.571463077,0.63555257,0.423701713,0.214559562,0.523268118,0.220043115,0.373648935,0.391254023,0.613849814,0.252860869,0.619380104,0.495801773,0.098294637,0.184302445,0.096523418,0.104257207,0.096957233,0.196589275,0.098907071,0.07699905,0.118216561,0.067651009,0.094304192,0.085125653,0.221162934,0.092231319,0.147441956,0.150482316,0.157622081,0.152277398,0.104257207,0.245950185,0.122679123,0.173762012,0.078811041,0.219034271,0.139875721,0.071519854,0.062869461,0.085125653,0.061487546,0.110581467,0.110581467,0.110581467,0.215206412,0.080757285,0.173762012,0.169127523,0.120385853,0.240771706,0.062869461,0.245358246,0.215352761,0.147441956,0.038069349,0.05383819,0.03940552,0.17349448,0.157622081,0.157622081,0.078811041,0.157622081
0.264575131,0.223606798,0.333711906,0.12456822,0.7,0.404368042,0.163299316,0.503115295,0.55,0.266556995,0.337099931,0.141421356,0.230783166,1,0.2,0.266666667,0.18973666,0.143222975,0.158113883,0.212132034,0.302371578,0.337099931,0.322251693,0.276699295,0.253916688,0.389249472,0.279372118,0.152145155,0.197642354,0.241209076,0.301232038,0.393863181,0.253916688,0.14509525,0.263117406,0.298142397,0.237170825,0.226778684,0.3,0.240965799,0.281126765,0.325395687,0.276026224,0.619750683,0.333333333,0.456435465,0.429668924,0.191741247,0.250489716,0.250640206,0.074535599,0.279508497,0.146385011,0.316227766,0.110282193,0.149071198,0.3,0.077849894,0.179284291,0.102597835,0.095346259,0.064549722,0.279508497,0.093250481,0.111803399,0.091287093,0.239045722,0.115470054,0.210818511,0.279751442,0.124034735,0.158113883,0.119522861,0.24913644,0.141421356,0.054232614,0.095346259,0.064549722,0.04662524,0.111803399,0.223606798,0.167705098,0.279751442,0.040824829,0.263523138,0.051298918,0.136930639,0.273861279,0.047673129,0.124034735,0.204124145,0.111803399,0.057735027,0.040824829,0.05976143,0.263117406,0.119522861,0.119522861,0.179284291,0.179284291
0.377964473,0.521749195,0.349602949,0.359863746,0.166666667,0.441128773,0.272165527,0.186338998,0.166666667,0.434389177,0.269679945,0.565685425,0.48354568,0.2,1,0.644444444,0.484882575,0.310316445,0.210818511,0.424264069,0.352766841,0.17978663,0.501280412,0.34258008,0.556198458,0.467099366,0.838116355,0.669438681,0.527046277,0.422115882,0.344265186,0.429668924,0.43528575,0.266007958,0.233882138,0.273297197,0.237170825,0.730731314,0.511111111,0.45515762,0.508705575,0.216930458,0.782074301,0.317820863,0.311111111,0.243432248,0.405798429,0.204523997,0.396608718,0.501280412,0.049690399,0.149071198,0.065060005,0.070272837,0.147042924,0.099380799,0.1,0.077849894,0.079681907,0.136797114,0.095346259,0.086066297,0.186338998,0.062166987,0.074535599,0.152145155,0.159363815,0.115470054,0.070272837,0.155417468,0.082689823,0.140545674,0.079681907,0.138409133,0.141421356,0.072310153,0.095346259,0.129099445,0.031083494,0.111803399,0.074535599,0.074535599,0.124333974,0.027216553,0.175682092,0.136797114,0.060858062,0.152145155,0.031782086,0.165379646,0.136082763,0.111803399,0.038490018,0.054433105,0.039840954,0.116941069,0.159363815,0.079681907,0.079681907,0.159363815
0.503952631,0.422368396,0.413167122,0.359863746,0.266666667,0.637186006,0.326598632,0.335410197,0.3,0.53311399,0.224733287,0.565685425,0.50552503,0.266666667,0.644444444,1,0.527046277,0.405798429,0.316227766,0.542115199,0.478754999,0.224733287,0.620632891,0.421637021,0.773841333,0.596849191,0.675149286,0.588294599,0.711512474,0.522619664,0.401642717,0.572891899,0.507833375,0.386920667,0.32158794,0.397523196,0.368932394,0.680336051,0.666666667,0.696123418,0.615801485,0.325395687,0.690065559,0.413167122,0.422222222,0.395577403,0.549021403,0.332351495,0.521853576,0.716114874,0.049690399,0.186338998,0.097590007,0.105409255,0.049014308,0.198761598,0.066666667,0.025949965,0.119522861,0.068398557,0.063564173,0.043033148,0.223606798,0.062166987,0.074535599,0.121716124,0.119522861,0.076980036,0.175682092,0.217584455,0.082689823,0.105409255,0.079681907,0.193772786,0.094280904,0.036155076,0.063564173,0.043033148,0.031083494,0.074535599,0.074535599,0.111803399,0.186500962,0.027216553,0.175682092,0.068398557,0.060858062,0.213003217,0.031782086,0.206724558,0.163299316,0.074535599,0.038490018,0.027216553,0.039840954,0.116941069,0.079681907,0.079681907,0.079681907,0.079681907
0.501996016,0.377123617,0.241209076,0.420180585,0.126491106,0.464990555,0.335658557,0.247487373,0.158113883,0.618146636,0.213200716,0.447213595,0.792354773,0.18973666,0.484882575,0.527046277,1,0.181164325,0.25,0.402492236,0.310759438,0.213200716,0.611429598,0.375,0.481773041,0.516984262,0.50798502,0.538860251,0.525,0.610216057,0.29938208,0.498201895,0.573539335,0.275298881,0.277350098,0.259272486,0.3,0.501996016,0.548128128,0.60960061,0.406400406,0.205798302,0.501901148,0.180906807,0.337309617,0.346410162,0.566138517,0.1940285,0.574285575,0.520847436,0.094280904,0.176776695,0.12344268,0.1,0.092998111,0.188561808,0.126491106,0.073854895,0.113389342,0.064888568,0.090453403,0.081649658,0.212132034,0.147441956,0.176776695,0.144337567,0.188982237,0.146059349,0.133333333,0.23590713,0.156892908,0.2,0.075592895,0.236351579,0.134164079,0.171498585,0.060302269,0.081649658,0.088465174,0.106066017,0.106066017,0.141421356,0.206418739,0.129099445,0.166666667,0.162221421,0.115470054,0.230940108,0.060302269,0.235339362,0.206559112,0.141421356,0.036514837,0.051639778,0.075592895,0.166410059,0.151185789,0.188982237,0.151185789,0.151185789
0.405998971,0.507072487,0.341394371,0.297350517,0.143222975,0.342223782,0.292352673,0.240192231,0.250640206,0.275723397,0.28968273,0.202547873,0.236096082,0.143222975,0.310316445,0.405798429,0.181164325,1,0.509524665,0.30382181,0.405998971,0.337963185,0.256410256,0.396296962,0.3117146,0.30662207,0.32510161,0.239697499,0.311376184,0.215916759,0.400616808,0.282051282,0.259762167,0.441595683,0.439652005,0.533760513,0.509524665,0.324799177,0.334186941,0.287598654,0.230078923,0.310694255,0.321208037,0.204836623,0.214834462,0.163430113,0.230769231,0.741467299,0.201801838,0.256410256,0,0,0,0,0,0,0,0.055749467,0,0,0,0,0.040032038,0,0,0,0,0,0,0,0,0,0,0,0,0,0.034139437,0,0,0,0.040032038,0,0,0,0.037742568,0.036735918,0,0,0,0,0,0,0,0,0,0,0,0,0,0
0.448210729,0.383016173,0.18844459,0.393919299,0.197642354,0.377804826,0.355023473,0.220970869,0.355756237,0.374634325,0.319801075,0.223606798,0.338835923,0.158113883,0.210818511,0.316227766,0.25,0.509524665,1,0.307459347,0.239045722,0.426401433,0.311376184,0.28125,0.372800568,0.369274473,0.248470934,0.264618873,0.34375,0.381385036,0.272165527,0.311376184,0.229415734,0.544862368,0.658706483,0.589255651,0.46875,0.239045722,0.263523138,0.349250349,0.349250349,0.257247878,0.21821789,0.150755672,0.289875452,0.216506351,0.283069259,0.576022109,0.420812706,0.33968311,0,0.044194174,0,0,0.02906191,0,0,0.092318618,0.047245559,0.040555355,0,0,0.044194174,0.036860489,0.044194174,0.108253175,0,0,0.041666667,0.073720978,0,0,0,0.065653216,0,0,0.037688918,0.051031036,0.036860489,0,0.088388348,0,0.073720978,0.032274861,0,0.121666066,0.036084392,0.072168784,0,0,0.032274861,0,0,0.032274861,0,0.069337525,0,0.047245559,0,0.047245559
0.400891863,0.316227766,0.202259959,0.411054154,0.176776695,0.519875245,0.346410162,0.237170825,0.247487373,0.481681995,0.238365647,0.6,0.396314544,0.212132034,0.424264069,0.542115199,0.402492236,0.30382181,0.307459347,1,0.267261242,0.238365647,0.531688168,0.419262746,0.589937552,0.633054165,0.419785079,0.559430928,0.559016994,0.554321863,0.213003217,0.582325136,0.461690258,0.384741882,0.34109552,0.421637021,0.335410197,0.454344111,0.494974747,0.596359926,0.653156109,0.306785996,0.414757531,0.235969952,0.377123617,0.290473751,0.455732715,0.244046765,0.597790048,0.531688168,0.105409255,0.079056942,0.103509834,0.111803399,0.129968811,0.158113883,0.106066017,0.082572282,0.084515425,0.108821438,0.067419986,0.091287093,0.079056942,0.098907071,0.118585412,0.096824584,0.126773138,0.081649658,0.111803399,0.098907071,0.131558703,0.074535599,0.084515425,0.088083033,0.1,0.115044748,0.101129979,0.136930639,0.098907071,0.079056942,0.039528471,0.118585412,0.098907071,0.115470054,0.0372678,0.14509525,0.096824584,0.096824584,0.168549966,0.131558703,0.08660254,0.158113883,0.081649658,0.115470054,0.126773138,0.062017367,0.084515425,0.126773138,0.126773138,0.126773138
0.342857143,0.36623351,0.504524979,0.282494169,0.302371578,0.444616012,0.55549206,0.253546276,0.377964473,0.42538498,0.203858877,0.213808994,0.34891135,0.302371578,0.352766841,0.478754999,0.310759438,0.405998971,0.239045722,0.267261242,1,0.203858877,0.351865775,0.358568583,0.383885948,0.353093932,0.369574574,0.253024038,0.298807152,0.319089614,0.683130051,0.378932373,0.246783824,0.219363399,0.198898063,0.281718085,0.388449298,0.428571429,0.32756921,0.394664881,0.333947207,0.573944043,0.443394451,0.360374985,0.503952631,0.379536058,0.270665981,0.31887407,0.307697694,0.378932373,0.112687234,0.253546276,0.147542223,0.239045722,0.083365502,0.225374468,0.226778684,0.117697977,0.135526185,0.077556673,0.108112496,0.097590007,0.338061702,0.070490738,0.126773138,0.103509834,0.225876976,0.130930734,0.199204768,0.281962951,0.140642169,0.199204768,0.09035079,0.251105928,0.160356745,0.081992006,0.072074997,0.048795004,0.035245369,0.126773138,0.253546276,0.169030851,0.281962951,0.06172134,0.239045722,0.077556673,0.138013112,0.276026224,0.072074997,0.234403615,0.21602469,0.126773138,0.043643578,0.06172134,0.045175395,0.265197418,0.135526185,0.135526185,0.09035079,0.180701581
0.407717753,0.251259454,0.385694608,0.335935507,0.337099931,0.247840799,0.33028913,0.452267017,0.53935989,0.239616919,0.727272727,0.190692518,0.222277112,0.337099931,0.17978663,0.224733287,0.213200716,0.337963185,0.426401433,0.238365647,0.203858877,1,0.241402275,0.319801075,0.244557994,0.314918329,0.235440805,0.205152485,0.266500895,0.243934688,0.290129427,0.241402275,0.293469593,0.244557994,0.413918677,0.351763235,0.426401433,0.254823596,0.35957326,0.270765181,0.270765181,0.29250897,0.186096842,0.257129739,0.17978663,0.369274473,0.38624364,0.361961383,0.253320199,0.28968273,0,0.075377836,0,0,0,0,0.067419986,0.104972776,0.080582296,0,0,0,0,0.062869461,0.075377836,0,0,0,0,0.062869461,0,0,0,0.055989251,0,0,0.064282435,0,0.125738923,0,0.075377836,0,0.062869461,0.055048188,0.071066905,0.138342893,0.061545745,0.061545745,0,0,0.055048188,0,0,0,0,0.05913124,0,0.080582296,0.080582296,0
0.622531756,0.346944333,0.273115497,0.475760827,0.250640206,0.631797752,0.32158794,0.360288346,0.28644595,0.657494255,0.241402275,0.506369684,0.637459422,0.322251693,0.501280412,0.620632891,0.611429598,0.256410256,0.311376184,0.531688168,0.351865775,0.241402275,1,0.424603888,0.597452983,0.613244141,0.550171956,0.479394997,0.651059295,0.647750276,0.308166776,0.641025641,0.6234292,0.3117146,0.40824829,0.373632359,0.33968311,0.514265364,0.716114874,0.776516367,0.603957174,0.388367819,0.568291143,0.341394371,0.381927933,0.424918293,0.666666667,0.274617518,0.627827941,0.615384615,0.053376051,0.160128154,0.069885656,0.075485136,0.026324906,0.213504205,0.107417231,0.027874734,0.085592099,0.073471836,0.068278874,0.046225016,0.160128154,0.033389028,0.080064077,0.065372045,0.128388148,0.041344912,0.075485136,0.200334169,0.044411559,0.113227703,0.042796049,0.17841031,0.101273937,0.077673564,0.068278874,0.046225016,0.033389028,0.080064077,0.080064077,0.080064077,0.166945141,0.029235267,0.113227703,0.110207754,0.032686023,0.196116135,0.034139437,0.222057796,0.146176337,0.040032038,0.041344912,0.029235267,0.042796049,0.094211144,0.085592099,0.042796049,0.042796049,0.085592099
0.388449298,0.294627825,0.376889181,0.36109269,0.237170825,0.494052465,0.419573196,0.397747564,0.316227766,0.444878261,0.373101254,0.335410197,0.417028828,0.276699295,0.34258008,0.421637021,0.375,0.396296962,0.28125,0.419262746,0.358568583,0.319801075,0.424603888,1,0.458831468,0.492365964,0.35890246,0.312731396,0.5,0.357548471,0.40824829,0.424603888,0.430154501,0.315446634,0.31201886,0.353553391,0.5,0.388449298,0.421637021,0.476250476,0.444500445,0.428746463,0.381881308,0.301511345,0.395284708,0.39692831,0.424603888,0.424437344,0.396059017,0.396296962,0.11785113,0.176776695,0.115727512,0.125,0.087185729,0.11785113,0.118585412,0.061545745,0.094491118,0.040555355,0.075377836,0.102062073,0.132582521,0.073720978,0.088388348,0.108253175,0.094491118,0.136930639,0.083333333,0.147441956,0.147087101,0.125,0.094491118,0.098479825,0.111803399,0.042874646,0.075377836,0.051031036,0.036860489,0.088388348,0.132582521,0.132582521,0.110581467,0.064549722,0.166666667,0.121666066,0.144337567,0.144337567,0.075377836,0.147087101,0.096824584,0.132582521,0.045643546,0.064549722,0.047245559,0.138675049,0.094491118,0.141736677,0.141736677,0.141736677
0.520988072,0.270369035,0.242100062,0.451856425,0.253916688,0.613387859,0.355409327,0.324442842,0.2901905,0.515682051,0.244557994,0.64123647,0.478364873,0.253916688,0.556198458,0.773841333,0.481773041,0.3117146,0.372800568,0.589937552,0.383885948,0.244557994,0.597452983,0.458831468,1,0.621260744,0.582698781,0.529812943,0.745601135,0.568722231,0.280975743,0.597452983,0.473684211,0.447368421,0.318142381,0.45962736,0.372800568,0.548408497,0.507833375,0.670124029,0.728395683,0.354100264,0.525657483,0.311271509,0.362738125,0.364246398,0.4675719,0.389490419,0.545173021,0.753310284,0.108147614,0.202776776,0.106198849,0.114707867,0.080007112,0.162221421,0.036273813,0.056478249,0.086710997,0.111648439,0.10375717,0.093658581,0.162221421,0.033825505,0.121666066,0.198679854,0.086710997,0.083770782,0.114707867,0.169127523,0.089984254,0.152943823,0.043355498,0.150618808,0.051298918,0.039344474,0.069171446,0.140487872,0.033825505,0.040555355,0.081110711,0.121666066,0.135302018,0.059234888,0.152943823,0.148864586,0.066226618,0.165566545,0.069171446,0.269952762,0.118469776,0.081110711,0.041885391,0.088852332,0.043355498,0.127256953,0.043355498,0.086710997,0.043355498,0.173421994
0.529640898,0.377168255,0.259794367,0.420230319,0.311399578,0.600981997,0.317820863,0.391674726,0.350324525,0.645600166,0.262431941,0.495433694,0.538993352,0.389249472,0.467099366,0.596849191,0.516984262,0.30662207,0.369274473,0.633054165,0.353093932,0.314918329,0.613244141,0.492365964,0.621260744,1,0.598099973,0.47377937,0.6770032,0.610288285,0.301511345,0.864116744,0.508304245,0.367108622,0.409673245,0.43519414,0.461593091,0.559065392,0.570899226,0.687835939,0.59404013,0.337760265,0.59093684,0.37113481,0.441149402,0.39086798,0.668993608,0.298540717,0.609393687,0.613244141,0.058025885,0.087038828,0.075973718,0.082060994,0.057236381,0.058025885,0.116774842,0.03030303,0.139572632,0.039936153,0.037113481,0.050251891,0.087038828,0.145190802,0.130558242,0.071066905,0.139572632,0.089893315,0.123091491,0.108893101,0.144841365,0.082060994,0.093048421,0.096976228,0.110096377,0.084440066,0.074226962,0.050251891,0.072595401,0.087038828,0.043519414,0.130558242,0.108893101,0.063564173,0.082060994,0.11980846,0.106600358,0.106600358,0.037113481,0.144841365,0.095346259,0.087038828,0.044946657,0.031782086,0.093048421,0.102418311,0.093048421,0.186096842,0.139572632,0.093048421
0.422370942,0.442492325,0.299667221,0.348008874,0.209529089,0.462146549,0.285132974,0.273304083,0.174607574,0.496457282,0.188352644,0.543251278,0.529610994,0.279372118,0.838116355,0.675149286,0.50798502,0.32510161,0.248470934,0.419785079,0.369574574,0.235440805,0.550171956,0.35890246,0.582698781,0.598099973,1,0.616324156,0.55215763,0.484344712,0.360667854,0.525164139,0.456025133,0.253347296,0.245025557,0.260289603,0.303686697,0.791945516,0.582025246,0.504893442,0.504893442,0.227266206,0.819336578,0.366259937,0.349215148,0.255030685,0.475148507,0.241052213,0.459242718,0.575179772,0.052057921,0.156173762,0.068159818,0.073621017,0.051349617,0.104115841,0.104764544,0.054372725,0.125217581,0.035828718,0.033296358,0.090166963,0.156173762,0.097693441,0.078086881,0.095636507,0.125217581,0.080647784,0.073621017,0.162822402,0.086629616,0.110431526,0.083478387,0.145003698,0.148159439,0.075755402,0.066592716,0.045083482,0.065128961,0.117130321,0.078086881,0.078086881,0.130257922,0.057026595,0.147242035,0.143314873,0.095636507,0.159394178,0.033296358,0.173259233,0.142566487,0.078086881,0.040323892,0.028513297,0.041739194,0.122512778,0.125217581,0.125217581,0.083478387,0.125217581
0.368034965,0.430928751,0.290129427,0.353779087,0.152145155,0.380321765,0.273297197,0.238144836,0.182574186,0.486664263,0.246182982,0.645497224,0.501607721,0.152145155,0.669438681,0.588294599,0.538860251,0.239697499,0.264618873,0.559430928,0.253024038,0.205152485,0.479394997,0.312731396,0.529812943,0.47377937,0.616324156,1,0.553294008,0.51378309,0.2618914,0.435813634,0.441510786,0.331133089,0.240192231,0.317526448,0.240562612,0.575054633,0.507150516,0.464382531,0.488823717,0.198029509,0.587944736,0.232103541,0.284004289,0.305555556,0.457604315,0.233380014,0.45732956,0.610139087,0.090721842,0.204124145,0.207869855,0.12830006,0.201346817,0.181443685,0.182574186,0.142133811,0.145478593,0.156097635,0.116051771,0.07856742,0.204124145,0.141876088,0.170103454,0.194444444,0.21821789,0.175682092,0.160375075,0.255376959,0.150970271,0.160375075,0.109108945,0.227429413,0.172132593,0.132019672,0.116051771,0.15713484,0.113500871,0.136082763,0.136082763,0.136082763,0.227001742,0.173916398,0.12830006,0.187317162,0.138888889,0.25,0.174077656,0.188712839,0.198761598,0.204124145,0.070272837,0.124225999,0.109108945,0.186816179,0.181848242,0.21821789,0.145478593,0.181848242
0.537852874,0.353553391,0.263822427,0.459572515,0.158113883,0.552176284,0.290473751,0.309359217,0.276699295,0.585366132,0.266500895,0.642869544,0.521286035,0.197642354,0.527046277,0.711512474,0.525,0.311376184,0.34375,0.559016994,0.298807152,0.266500895,0.651059295,0.5,0.745601135,0.6770032,0.55215763,0.553294008,1,0.619750683,0.238144836,0.707673146,0.544862368,0.487508434,0.381356385,0.471404521,0.40625,0.507972159,0.579750904,0.73025073,0.666750667,0.34299717,0.545544726,0.263822427,0.34258008,0.360843918,0.537831591,0.303169531,0.544581149,0.67936622,0.058925565,0.088388348,0.038575837,0.041666667,0.02906191,0.058925565,0.039528471,0,0.047245559,0.040555355,0.037688918,0.051031036,0.044194174,0.036860489,0.044194174,0.072168784,0.047245559,0.045643546,0.041666667,0.073720978,0.049029034,0.041666667,0.047245559,0.065653216,0.055901699,0.042874646,0.075377836,0.051031036,0.036860489,0.044194174,0,0.044194174,0.036860489,0.032274861,0.083333333,0.081110711,0.036084392,0.072168784,0.037688918,0.147087101,0.064549722,0.044194174,0.045643546,0.032274861,0.047245559,0.034668762,0.047245559,0.047245559,0.047245559,0.047245559
0.547010767,0.337099931,0.22998383,0.550861394,0.180906807,0.487686208,0.443129368,0.303389938,0.211057941,0.732259617,0.243934688,0.511681719,0.636194218,0.241209076,0.422115882,0.522619664,0.610216057,0.215916759,0.381385036,0.554321863,0.319089614,0.243934688,0.647750276,0.357548471,0.568722231,0.610288285,0.484344712,0.51378309,0.619750683,1,0.259499648,0.6261586,0.503100435,0.371856843,0.343775825,0.337099931,0.333711906,0.478634421,0.502518908,0.653885298,0.581231376,0.261627976,0.478543968,0.258731809,0.442216639,0.412861412,0.539791896,0.25437351,0.849661776,0.647750276,0.089893315,0.067419986,0.058848989,0.031782086,0.08867022,0.089893315,0.060302269,0.046945253,0.072074997,0.092803234,0.057495957,0.077849894,0.101129979,0.112464311,0.134839972,0.137620471,0.108112496,0.104446594,0.095346259,0.140580389,0.112193639,0.063564173,0.036037499,0.125195771,0.042640143,0.130813988,0.086243936,0.116774842,0.084348234,0.033709993,0,0.067419986,0.112464311,0.098473193,0.095346259,0.154672056,0.055048188,0.137620471,0.028747979,0.112193639,0.123091491,0.067419986,0.034815531,0.073854895,0.108112496,0.079332883,0.108112496,0.108112496,0.108112496,0.072074997
0.292770022,0.416975194,0.697518449,0.250159591,0.301232038,0.442940398,0.527046277,0.288675135,0.25819889,0.382359556,0.232103541,0.182574186,0.340502612,0.301232038,0.344265186,0.401642717,0.29938208,0.400616808,0.272165527,0.213003217,0.683130051,0.290129427,0.308166776,0.40824829,0.280975743,0.301511345,0.360667854,0.2618914,0.238144836,0.259499648,1,0.215716743,0.218536689,0.187317162,0.226455407,0.25660012,0.340206909,0.422890032,0.344265186,0.345650565,0.276520452,0.560112034,0.356348323,0.41030497,0.372953952,0.392837101,0.308166776,0.264039345,0.269484028,0.277350098,0.12830006,0.240562612,0.16798421,0.226804606,0.126554399,0.19245009,0.129099445,0.067002521,0.25717225,0.088302157,0.123091491,0.111111111,0.240562612,0.160514471,0.240562612,0.11785113,0.15430335,0.149071198,0.136082763,0.240771706,0.160128154,0.181443685,0.1028689,0.214422507,0.121716124,0.046676003,0.123091491,0.055555556,0.080257235,0.096225045,0.144337567,0.19245009,0.240771706,0.105409255,0.272165527,0.088302157,0.19641855,0.23570226,0.082060994,0.213504205,0.210818511,0.144337567,0.049690399,0.070272837,0.05143445,0.226455407,0.1028689,0.2057378,0.1028689,0.15430335
0.514265364,0.373632359,0.23897606,0.446025775,0.358057437,0.552823033,0.292352673,0.400320385,0.393863181,0.615075271,0.241402275,0.506369684,0.519411381,0.393863181,0.429668924,0.572891899,0.498201895,0.282051282,0.311376184,0.582325136,0.378932373,0.241402275,0.641025641,0.424603888,0.597452983,0.864116744,0.525164139,0.435813634,0.707673146,0.6261586,0.215716743,1,0.519524333,0.363667033,0.40824829,0.42700841,0.396296962,0.460132168,0.525150908,0.69023677,0.546437443,0.349531037,0.543582832,0.375533808,0.429668924,0.359546248,0.615384615,0.274617518,0.582983088,0.564102564,0.053376051,0.080064077,0.034942828,0.075485136,0.026324906,0.053376051,0.143222975,0,0.042796049,0.036735918,0.034139437,0.046225016,0.080064077,0.066778056,0.080064077,0.065372045,0.128388148,0.041344912,0.113227703,0.133556113,0.088823118,0.037742568,0.042796049,0.118940207,0.050636968,0.077673564,0.068278874,0.046225016,0.033389028,0.040032038,0.080064077,0.080064077,0.100167084,0.029235267,0.113227703,0.073471836,0.065372045,0.13074409,0.034139437,0.133234678,0.087705802,0.040032038,0.041344912,0.029235267,0.085592099,0.094211144,0.042796049,0.085592099,0.085592099,0.042796049
0.603249347,0.324442842,0.276685786,0.421732663,0.181369063,0.480042672,0.296174439,0.364998198,0.181369063,0.494195299,0.293469593,0.4360408,0.621874335,0.253916688,0.43528575,0.507833375,0.573539335,0.259762167,0.229415734,0.461690258,0.246783824,0.293469593,0.6234292,0.430154501,0.473684211,0.508304245,0.456025133,0.441510786,0.544862368,0.503100435,0.218536689,0.519524333,1,0.315789474,0.318142381,0.324442842,0.344123601,0.466147223,0.677111167,0.640988201,0.524444892,0.275411316,0.475594866,0.207514339,0.314373042,0.331133089,0.70135785,0.278207442,0.477026393,0.493548117,0.054073807,0.162221421,0.070799233,0.076471911,0.053338075,0.270369035,0.108821438,0.028239125,0.086710997,0.111648439,0.10375717,0.046829291,0.202776776,0.033825505,0.121666066,0.066226618,0.173421994,0.083770782,0.114707867,0.202953027,0.044992127,0.152943823,0.043355498,0.18074257,0.102597835,0.078688948,0.069171446,0.093658581,0.033825505,0.081110711,0.040555355,0.081110711,0.202953027,0.029617444,0.152943823,0.111648439,0.033113309,0.198679854,0.034585723,0.269952762,0.177704663,0.081110711,0.041885391,0.029617444,0.043355498,0.127256953,0.130066495,0.043355498,0.086710997,0.086710997
0.329045098,0.432590456,0.242100062,0.331361378,0.14509525,0.373366523,0.236939551,0.324442842,0.253916688,0.343788034,0.244557994,0.461690258,0.310937168,0.14509525,0.266007958,0.386920667,0.275298881,0.441595683,0.544862368,0.384741882,0.219363399,0.244557994,0.3117146,0.315446634,0.447368421,0.367108622,0.253347296,0.331133089,0.487508434,0.371856843,0.187317162,0.363667033,0.315789474,1,0.50902781,0.675922588,0.458831468,0.246783824,0.362738125,0.378765755,0.43703741,0.31475579,0.300375705,0.172928616,0.266007958,0.29801978,0.285738383,0.472952651,0.36344868,0.415619467,0.054073807,0.040555355,0.070799233,0.038235956,0.053338075,0.054073807,0.036273813,0.084717374,0.043355498,0.074432293,0.034585723,0.046829291,0.040555355,0.033825505,0.040555355,0.066226618,0.043355498,0.041885391,0.038235956,0.033825505,0.044992127,0.038235956,0.043355498,0.030123762,0.051298918,0.039344474,0.069171446,0.093658581,0.033825505,0.040555355,0,0.040555355,0.033825505,0.059234888,0.038235956,0.074432293,0.033113309,0.033113309,0.069171446,0.044992127,0.029617444,0.040555355,0.041885391,0.088852332,0.043355498,0.031814238,0.043355498,0.086710997,0.043355498,0.086710997
0.563544513,0.457604315,0.250872603,0.400596372,0.263117406,0.419136822,0.250640206,0.294174203,0.43852901,0.415619467,0.413918677,0.279078153,0.318073213,0.263117406,0.233882138,0.32158794,0.277350098,0.439652005,0.658706483,0.34109552,0.198898063,0.413918677,0.40824829,0.31201886,0.318142381,0.409673245,0.245025557,0.240192231,0.381356385,0.343775825,0.226455407,0.40824829,0.318142381,0.50902781,1,0.52297636,0.450693909,0.23204774,0.32158794,0.422681972,0.422681972,0.332956046,0.242091013,0.292684704,0.263117406,0.280224269,0.40824829,0.437237316,0.329541022,0.282633432,0,0,0,0,0.032241294,0.065372045,0,0.068278874,0,0.044992127,0.041812101,0,0.049029034,0,0.049029034,0.040032038,0.052414242,0.050636968,0,0.081786082,0,0.046225016,0,0.072835704,0,0,0.041812101,0.056613852,0,0,0.049029034,0,0.081786082,0,0.046225016,0.044992127,0,0.080064077,0,0,0.071611487,0.049029034,0,0,0,0.038461538,0.052414242,0,0,0
0.36623351,0.5,0.284267622,0.340441453,0.260874597,0.438397299,0.243432248,0.375,0.484481395,0.375284168,0.301511345,0.34258008,0.294883912,0.298142397,0.273297197,0.397523196,0.259272486,0.533760513,0.589255651,0.421637021,0.281718085,0.351763235,0.373632359,0.353553391,0.45962736,0.43519414,0.260289603,0.317526448,0.471404521,0.337099931,0.25660012,0.42700841,0.324442842,0.675922588,0.52297636,1,0.471404521,0.253546276,0.347832796,0.419079038,0.389144821,0.323380833,0.3086067,0.248734169,0.347832796,0.40824829,0.320256308,0.600245048,0.373408022,0.373632359,0.055555556,0.125,0.036369648,0.11785113,0.082199494,0.055555556,0.111803399,0.116051771,0.04454354,0.076471911,0.035533453,0.048112522,0.125,0.034752402,0.041666667,0.102062073,0.04454354,0.043033148,0.11785113,0.139009609,0.046225016,0.03928371,0.04454354,0.123796892,0.052704628,0.040422604,0.071066905,0.096225045,0.034752402,0.041666667,0.166666667,0.041666667,0.139009609,0.030429031,0.03928371,0.076471911,0.068041382,0.136082763,0.035533453,0.046225016,0.091287093,0.041666667,0.043033148,0.060858062,0.04454354,0.163430113,0.04454354,0.04454354,0.04454354,0.089087081
