1,0.084166824,-0.044630208,0.407726518,-0.033318807,0.293395563,-0.010019059,0.063222604,0.040136696,0.287795979,0.168659687,0.180642937,0.329195708,-0.017930108,0.109536381,0.246794919,0.271949544,0.239017521,0.269419819,0.135088934,0.066453758,0.166375867,0.431994436,0.128404616,0.277983031,0.28501713,0.157301049,0.074342903,0.316914861,0.334720213,0.00078613,0.284890461,0.425876999,0.103357272,0.406464843,0.122494511,0.152804769,0.122004246,0.265120992,0.495096461,0.278796632,0.051754056,0.112087301,-0.031799333,0.016575492,0.079594678,0.390427764,0.295283487,0.27149273,0.187893298,-0.346180206,-0.224180818,-0.275827774,-0.31994497,-0.249929296,-0.242597349,-0.278606286,-0.16981122,-0.301273875,-0.181009658,-0.173312505,-0.287413027,-0.297972769,-0.302660024,-0.253450015,-0.172785051,-0.246390324,-0.304613883,-0.314708395,-0.234825171,-0.318507252,-0.266107702,-0.316664782,-0.224475679,-0.318292773,-0.261237324,-0.202033088,-0.23475627,-0.252721201,-0.301502091,-0.253425008,-0.309539509,-0.287119359,-0.242989426,-0.084264697,-0.230551862,-0.327659806,-0.229751988,-0.245831451,-0.167009412,-0.229481831,-0.260427674,-0.218904588,-0.232267041,-0.288057339,-0.306125409,-0.282623905,-0.365466627,-0.273199885,-0.333736609
0.084166824,1,0.272751427,0.052871699,-0.046732877,0.068973649,-0.104923556,-0.01096028,0.022944946,0.041915605,0.084515344,0.05135528,0.093549156,-0.032655217,0.333931617,0.151919919,0.117283526,0.38520124,0.207480511,0.043671227,0.128588382,0.023724298,0.051427023,0.028336498,-0.062370203,0.086643258,0.211823492,0.187786003,0.077690543,0.05884693,0.205029859,0.108083308,0.054011465,0.263268793,0.290262732,0.328789078,0.133300879,0.303441215,0.06525605,0.101604311,-0.051314586,0.032549948,0.312651818,0.047786492,-0.062777558,-0.037235963,0.049957668,0.160839248,-0.010128766,-0.026866628,-0.159652673,-0.231473312,-0.186892742,-0.169589713,-0.112354161,-0.252850929,-0.141034203,-0.103236742,-0.194637075,-0.141874809,-0.136678192,-0.128028909,-0.081337221,-0.13058924,-0.206134166,-0.136188373,-0.086322436,-0.092027444,-0.215730658,-0.191627255,-0.102591401,-0.168965713,-0.15979974,-0.185922061,-0.143383014,-0.123635132,-0.080845725,-0.131943799,-0.130648568,-0.154265184,-0.157891713,-0.20681723,-0.193426085,-0.134008341,-0.001999249,-0.143482321,-0.19729312,-0.187691013,-0.164502312,-0.233556765,-0.232360037,-0.113586974,-0.129647448,-0.124568481,-0.136328173,-0.174406482,-0.069767528,-0.19967055,-0.116523254,-0.173771322
-0.044630208,0.272751427,1,-0.089825662,0.29152496,0.084373307,0.176394029,0.187433442,0.086338515,-0.110587231,0.249645848,-0.07642517,-0.10549539,0.139425837,0.072517735,0.098238312,-0.104554254,0.188100291,-0.026913904,-0.133894807,0.307324331,0.247089395,-0.085072712,0.13580592,-0.131947827,-0.111172788,-0.013137809,-0.045951959,-0.065516997,-0.126418156,0.588291017,-0.106431368,-0.030342714,0.019032596,0.043701346,0.035775369,0.065874114,0.077792587,0.079995738,-0.0442536,-0.068315239,0.304515427,0.072337181,0.351728502,-0.039186668,0.13465952,0.060347364,0.108534099,-0.138378053,-0.086124057,-0.126310741,0.046591828,-0.067112581,-0.090172,-0.101469153,-0.073983033,-0.123125905,-0.13347096,0.02999095,-0.009978945,-0.015196099,-0.097130454,0.032691528,-0.059619886,0.00248945,-0.068360202,0.027272839,-0.052233753,-0.085261137,-0.124828339,-0.064743315,-0.025231766,-0.071661854,-0.132704955,-0.034378313,-0.100720184,0.000381583,-0.032199679,-0.116337611,-0.072854584,-0.140408018,-0.065149256,-0.126888132,-0.126217972,0.17147009,-0.127421745,-0.143924403,-0.123125905,-0.105613805,-0.086925894,-0.1407434,-0.019982944,-0.048079952,-0.114613014,-0.111060654,-0.1127977,-0.023622292,-0.116001332,-0.083471556,-0.087225087
0.407726518,0.052871699,-0.089825662,1,-0.077537558,0.224417167,0.174763361,-0.101653091,0.049436387,0.268982344,0.121328163,0.193204961,0.233160422,-0.116053996,0.119140093,0.065739266,0.179917466,0.144038944,0.244469565,0.185957985,0.0331233,0.181959232,0.243832575,0.139727769,0.209040126,0.162585236,0.089436929,0.082234529,0.243610277,0.352090694,0.007921962,0.21909985,0.201171936,0.151038054,0.244976534,0.133055016,0.079142285,0.132978533,0.08885642,0.229914796,0.296077376,0.119483209,0.082796537,-0.17688211,0.13303528,-0.121488875,0.116156317,0.193204961,0.357011523,0.074810064,-0.209996596,-0.282496915,-0.130181236,-0.213271398,-0.178970986,-0.240718272,-0.179930269,-0.056083583,-0.183005434,-0.130748527,-0.172758619,-0.17041062,-0.29990046,-0.213262005,-0.196807035,-0.126202778,-0.246368232,-0.248313253,-0.263215973,-0.339806919,-0.202336586,-0.26760497,-0.20407375,-0.316737732,-0.190111697,-0.110244979,-0.111819545,-0.115206428,-0.16557972,-0.196145738,-0.145837646,-0.197528286,-0.3420046,-0.12679694,-0.18115495,-0.033341572,-0.238977336,-0.331864183,-0.157222967,-0.10309343,-0.320729099,-0.15230225,-0.116613676,-0.077313289,-0.177769769,-0.310177955,-0.225090334,-0.248798337,-0.215958581,-0.161030073
-0.033318807,-0.046732877,0.29152496,-0.077537558,1,0.143865697,-0.123000819,0.335070005,0.519403619,-0.180001776,0.262382168,-0.202326518,-0.181924,0.636607192,-0.133649183,-0.073739459,-0.217840333,-0.014796107,0.031022638,-0.122045399,0.071616777,0.259931231,-0.073313157,-0.007258759,-0.070119751,0.009519079,-0.094593052,-0.195391,-0.158812075,-0.155367729,0.101386967,0.095296444,-0.114200456,-0.05949205,0.107537191,0.045573832,-0.022846253,-0.112035834,-0.088047285,-0.143011535,-0.055496504,0.117221177,-0.09972601,0.534538144,0.140146329,0.146352979,0.070247371,0.07153179,-0.087184418,-0.074342331,-0.107128932,0.264669598,-0.053712709,0.051851684,-0.133649183,-0.054829069,0.12471124,-0.034345493,0.044849339,-0.054312678,-0.056371918,-0.080840602,0.116535305,-0.047002803,-0.049067166,-0.055814574,0.042216801,-0.104281853,0.119168817,0.070060042,-0.048835163,-0.074363305,-0.05609441,0.037537024,-0.017446956,-0.08649942,0.011885675,-0.085352845,-0.103470346,-0.058190222,0.188352167,-0.049765007,0.068386259,-0.114522327,0.182109721,-0.056116709,-0.076235248,0.06635861,-0.092741749,-0.070366609,-0.075984722,-0.068911543,-0.034453613,-0.103149299,-0.095379911,0.065898051,-0.076373411,-0.099170088,-0.000188669,-0.07121733
0.293395563,0.068973649,0.084373307,0.224417167,0.143865697,1,0.10279616,-0.017437338,0.019325417,0.312531366,-0.101524692,0.12860573,0.207656659,0.115185126,0.169261643,0.427362823,0.19172078,0.121027739,0.13662415,0.277790113,0.174190658,-0.10509011,0.422262334,0.24239866,0.391207451,0.362349793,0.182731428,0.061449773,0.303572023,0.226377968,0.167306661,0.313368981,0.21481802,0.126908694,0.169871371,0.187431062,0.179889732,0.191396414,0.253980884,0.531391455,0.35674661,0.085258522,0.175003402,0.34338273,0.326633444,0.111164893,0.297225759,0.12860573,0.227280006,0.256490693,-0.380825267,-0.136711018,-0.25253397,-0.294226695,-0.269694901,-0.276471093,-0.304393726,-0.263262794,-0.213297935,-0.25316037,-0.240534072,-0.316931782,-0.269090491,-0.23549872,-0.281551219,-0.239966377,-0.275608836,-0.334165727,-0.289048397,-0.260439546,-0.290262639,-0.293483465,-0.289353536,-0.247157592,-0.286865934,-0.286854326,-0.224310913,-0.321977613,-0.275658921,-0.275986772,-0.333662991,-0.282325451,-0.313694758,-0.263642702,-0.056880563,-0.255044244,-0.306766852,-0.254678934,-0.268880717,-0.195059877,-0.251984881,-0.287579216,-0.243914125,-0.25259783,-0.316304319,-0.331213449,-0.311941543,-0.337461636,-0.302122937,-0.248556039
-0.010019059,-0.104923556,0.176394029,0.174763361,-0.123000819,0.10279616,1,-0.035339087,-0.048412292,0.278251323,0.004299115,-0.079818139,0.088156961,-0.110437643,-0.025098375,-0.007281002,0.042448996,0.114560831,0.170991702,0.072922463,0.381714583,0.129636704,-0.002684158,0.193097767,0.044647746,-0.01766262,-0.024783857,-0.051556587,-0.025785358,0.189739377,0.351821572,-0.022728664,0.001552878,0.003769985,0.022681946,-0.023560424,0.217133297,0.053185549,0.056783144,-0.00555154,0.164006996,0.245906826,0.009870289,-0.018617048,0.25254342,0.045617477,-0.004400912,0.08120292,0.224921356,0.082009869,-0.133182814,-0.15889268,-0.075007921,-0.152929184,-0.10083276,-0.015525586,-0.124173743,-0.051574133,-0.055176876,-0.075552471,-0.12222652,-0.1044515,-0.052559243,-0.115073308,-0.017058395,-0.121699992,-0.18045226,-0.184373697,-0.203988611,-0.126142294,-0.136728529,-0.152264439,-0.199159639,-0.130762581,-0.117838537,-0.052979537,-0.06103202,-0.108591696,-0.070752511,-0.136600167,-0.140465131,-0.134260635,-0.127967986,-0.002130816,-0.073824761,0.023527614,-0.141002068,-0.124173743,-0.107170528,-0.034211203,-0.092041452,-0.091365871,-0.111202198,0.007092785,-0.172651585,-0.162765189,-0.160344571,-0.121274061,-0.211135089,-0.035963427
0.063222604,-0.01096028,0.187433442,-0.101653091,0.335070005,-0.017437338,-0.035339087,1,0.239707887,-0.125669727,0.371581756,-0.086427746,-0.06906883,0.372205901,-0.164951334,-0.043616739,-0.118730251,0.070387083,0.02502839,-0.098853254,-0.040638638,0.369045242,0.016140997,0.156640466,-0.035595134,0.060877974,-0.067155597,-0.143741463,-0.012438574,-0.052869988,0.041607013,0.09950337,0.076143199,0.124807399,0.112467484,0.15020513,0.191051031,-0.0256519,0.143837172,0.080064831,-0.0140196,0.120642983,-0.073650324,0.336509896,-0.093018969,0.367969864,0.12649949,0.125301176,-0.063535187,0.07127568,-0.050220474,-0.023848044,-0.07550457,-0.101751168,-0.164951334,0.013162185,-0.071921295,-0.151770931,0.035938906,-0.010101092,-0.01616524,-0.030341404,-0.121176385,-0.066999769,0.004381882,-0.138506418,-0.047797731,-0.13661305,-0.096136607,-0.141502884,-0.072524728,-0.10094563,-0.08048994,-0.150697767,-0.037615728,-0.045824837,0.001650175,-0.035267112,-0.012150434,-0.08195213,-0.159276922,-0.073045209,-0.143858207,-0.0372942,0.06214097,-0.012104553,-0.10092556,-0.139592819,-0.059018019,-0.016503109,-0.159916946,-0.094542733,0.014890887,-0.077516537,-0.050529459,-0.127846538,-0.104346886,-0.050342059,-0.015847294,-0.098280437
0.040136696,0.022944946,0.086338515,0.049436387,0.519403619,0.019325417,-0.048412292,0.239707887,1,-0.124945674,0.381480092,-0.139055161,-0.211148728,0.436363762,-0.16092925,-0.053715464,-0.20433701,0.092046149,0.201495844,-0.05566975,0.147922616,0.454635921,-0.051641047,0.070130829,-0.047939609,0.036425639,-0.169513031,-0.181939726,-0.028527985,-0.140885276,0.018992819,0.121835869,-0.143221221,0.051145182,0.300484556,0.310709643,0.153675323,-0.142394843,-0.114548284,-0.062342327,-0.030387373,0.289715837,-0.12718255,0.220144853,0.165583828,0.244227133,-0.003645955,0.143500706,-0.028112507,-0.052683542,-0.153334571,0.026430261,-0.144765488,0.08492193,-0.116630293,-0.186303376,0.277982545,0.031561289,-0.133902088,-0.145434308,-0.141345,-0.120077124,0.083179181,-0.132951679,-0.222376014,-0.086030737,-0.065479839,-0.143858207,0.089074862,0.10201167,-0.087143699,-0.17616403,-0.093584859,0.064649426,-0.058209614,-0.120756786,-0.069779088,-0.124910287,-0.134474379,-0.093507343,0.354599001,-0.1550187,0.100340009,-0.142709157,0.03599703,-0.088533297,-0.05193284,0.097364934,-0.12375425,-0.182647416,-0.106077829,-0.104932546,-0.067265193,-0.130774572,-0.133154321,0.038459286,-0.115292985,-0.139715101,-0.036345917,-0.109772036
0.287795979,0.041915605,-0.110587231,0.268982344,-0.180001776,0.312531366,0.278251323,-0.125669727,-0.124945674,1,-0.201234787,0.15231778,0.45231319,-0.132342558,0.152663484,0.267893759,0.423405914,-0.000939309,0.095963261,0.209447995,0.12570564,-0.20463712,0.456900716,0.144989078,0.232105348,0.421734487,0.227241176,0.227584501,0.3364793,0.598538231,0.043882315,0.399637569,0.223236069,0.059073089,0.121009106,0.073155454,0.130019833,0.139073453,0.341735931,0.371789722,0.270362826,-0.085699588,0.250931651,-0.099037299,0.307507662,0.196651565,0.423168181,-0.034682277,0.530041268,0.257897914,-0.382579384,-0.314540227,-0.296543104,-0.383991203,-0.169831969,-0.301795742,-0.30054454,-0.163662831,-0.332783378,-0.258173814,-0.280430422,-0.320284106,-0.282641908,-0.204191128,-0.244601145,-0.171330904,-0.288309106,-0.287210805,-0.336011429,-0.184963921,-0.252287126,-0.253404447,-0.387340735,-0.177362642,-0.353758197,-0.206646725,-0.230504582,-0.277753566,-0.235750489,-0.324281161,-0.32815423,-0.335515608,-0.227602498,-0.161936329,-0.221910436,-0.103820093,-0.298187722,-0.181008874,-0.301947857,-0.22437462,-0.146298319,-0.291632122,-0.333547958,-0.184476977,-0.31630426,-0.281245654,-0.269521369,-0.290456969,-0.307479328,-0.218611891
0.168659687,0.084515344,0.249645848,0.121328163,0.262382168,-0.101524692,0.004299115,0.371581756,0.381480092,-0.201234787,1,-0.055259435,-0.147003126,0.222653644,-0.034882166,-0.178327311,-0.144864657,0.16217963,0.183127701,-0.068295603,-0.064126159,0.727952927,-0.123809865,0.146590534,-0.120387325,-0.091111153,-0.148542634,-0.121654931,-0.035727708,-0.12212175,0.021550872,-0.090569036,0.002780332,0.060598187,0.295444173,0.083417564,0.184138906,-0.11083508,-0.084284158,-0.076588104,-0.038004691,0.183646557,-0.098194946,0.119275178,-0.117754984,0.141112076,-0.00560606,0.171958636,-0.135721139,-0.12511699,0.011636738,-0.054329466,-0.10513523,-0.136043431,-0.034882166,-0.020878752,-0.029252171,-0.01762628,-0.076998086,0.106924828,0.09223124,0.023578689,-0.073307153,-0.094688647,-0.023249129,-0.039112731,0.00581475,-0.006965265,-0.129889251,-0.177253352,-0.021555109,-0.056248459,-0.031708463,-0.183868728,0.021191087,-0.000935594,0.109847534,0.104036781,0.029396305,-0.036706853,-0.041531798,-0.106361392,-0.179828212,-0.05938452,0.114673598,0.033910617,-0.131141789,-0.174496316,-0.020365285,-0.047402402,-0.19344656,0.028817889,0.064538974,-0.045908908,-0.001031647,-0.160490484,0.028545362,-0.083518202,0.03834035,-0.049906396
0.180642937,0.05135528,-0.07642517,0.193204961,-0.202326518,0.12860573,-0.079818139,-0.086427746,-0.139055161,0.15231778,-0.055259435,1,0.213801597,-0.195035389,0.379845504,0.345782124,0.197859662,-0.030964177,-0.034481868,0.423586288,-0.11818103,-0.115426369,0.26175459,0.050442946,0.462631651,0.235042561,0.335663975,0.481378129,0.472451522,0.29005667,-0.159580293,0.275770063,0.185222751,0.277479287,0.018486211,0.08718504,-0.002041158,0.28037353,0.222033708,0.299219883,0.398870633,-0.041983105,0.255517726,-0.155043312,-0.04256977,-0.05702772,0.146620523,-0.072301731,0.230157624,0.37515057,-0.245707486,-0.249576961,-0.202229787,-0.23715311,-0.090876184,-0.275501782,-0.249173058,-0.150244864,-0.268232662,-0.113509642,-0.151725383,-0.201931044,-0.265189431,-0.230380332,-0.224134548,-0.109720333,-0.162404769,-0.218758322,-0.282003126,-0.254899971,-0.230853891,-0.236492927,-0.231043777,-0.240705409,-0.224356864,-0.186859829,-0.137764608,-0.098571852,-0.145355826,-0.220947934,-0.273830274,-0.276588718,-0.303879416,-0.110824795,-0.158880031,-0.115041399,-0.211402127,-0.249173058,-0.055830144,-0.142476226,-0.244949651,-0.083100736,-0.146885527,-0.101745955,-0.206043855,-0.275561198,-0.197770913,-0.273613993,-0.242348456,-0.192972854
0.329195708,0.093549156,-0.10549539,0.233160422,-0.181924,0.207656659,0.088156961,-0.06906883,-0.211148728,0.45231319,-0.147003126,0.213801597,1,-0.128937359,0.243613397,0.238635152,0.692498308,-0.02115708,0.082723311,0.104426058,0.042066343,-0.15040301,0.442121785,0.134817006,0.19426827,0.276203318,0.296291473,0.260620454,0.264790477,0.462045461,0.021989245,0.273656073,0.435354288,0.043763554,0.028386782,-0.011987366,0.045054112,0.241109471,0.354052003,0.423318797,0.108106054,-0.175213382,0.287764139,-0.136671848,0.094915345,0.049311079,0.404984388,-0.025763517,0.441131398,0.223552169,-0.338748618,-0.22521615,-0.267532711,-0.309375393,-0.207093279,-0.247040259,-0.270518203,-0.200770056,-0.294758187,-0.268109235,-0.214077179,-0.282002409,-0.188140938,-0.250061559,-0.250761417,-0.17382499,-0.245687712,-0.246454291,-0.304575954,-0.141896735,-0.258538659,-0.213600704,-0.307555851,-0.141387356,-0.25583864,-0.255099038,-0.238991979,-0.286458073,-0.244928107,-0.245698898,-0.249506946,-0.301012343,-0.188603592,-0.199777584,-0.140297246,-0.141403508,-0.23194915,-0.139258158,-0.238991979,-0.122212318,-0.146721348,-0.208649042,-0.26165206,-0.224349872,-0.329847223,-0.211428792,-0.22659348,-0.247869174,-0.319449306,-0.221794253
-0.017930108,-0.032655217,0.139425837,-0.116053996,0.636607192,0.115185126,-0.110437643,0.372205901,0.436363762,-0.132342558,0.222653644,-0.195035389,-0.128937359,1,-0.124438707,-0.108313248,-0.169760783,-0.044675355,-0.049792423,-0.11129794,0.040758203,0.219870966,-0.009226458,0.009910566,-0.107419379,0.084325806,-0.034998222,-0.231195862,-0.147225141,-0.107506553,0.067500307,0.115568726,-0.053376878,-0.092648137,0.075164967,0.063493977,-0.006827758,-0.099516334,-0.030499531,-0.129767094,-0.03915085,0.14475512,-0.041153476,0.516120109,0.072257246,0.236994572,0.140399992,-0.004886818,-0.076883406,-0.111271554,-0.084154538,0.086801077,-0.036360902,0.14189445,-0.079721621,-0.028672799,0.149941963,-0.06638702,-0.001645549,-0.036974855,-0.040481363,-0.06070491,0.073173816,-0.086532061,-0.097198188,-0.095125073,0.067864749,-0.085378143,0.01428443,0.031082407,-0.027314628,-0.055656726,-0.035546879,0.002572883,0.007586848,-0.069903361,-0.024125791,-0.06529062,-0.090007923,-0.039164549,0.087229439,-0.029109708,0.029261274,-0.10354811,0.148900559,-0.098289189,-0.06085297,0.028393679,-0.078610413,-0.049169601,-0.061406046,-0.050097998,-0.015565056,-0.091831475,-0.077080012,0.030223146,-0.056164491,-0.079329722,0.022962192,0.019529514
0.109536381,0.333931617,0.072517735,0.119140093,-0.133649183,0.169261643,-0.025098375,-0.164951334,-0.16092925,0.152663484,-0.034882166,0.379845504,0.243613397,-0.124438707,1,0.468987558,0.256595127,0.104336718,-0.05608196,0.172069017,0.078827665,-0.145079623,0.257650297,0.059432959,0.337891337,0.194189826,0.765705022,0.520654354,0.301051482,0.166565549,0.06382879,0.165679689,0.185392011,0.012219643,-0.047937916,-0.010059228,-0.063013205,0.606701143,0.284371478,0.171301908,0.268088181,-0.121120795,0.68458061,0.039311633,0.032377647,-0.1292005,0.113607651,-0.057253206,0.136551534,0.257143621,-0.32986521,-0.2187623,-0.260739219,-0.301608943,-0.106992397,-0.300596128,-0.22063595,-0.163309914,-0.2870329,-0.135330076,-0.169293939,-0.224188286,-0.182295111,-0.243689544,-0.29258856,-0.129767949,-0.187598028,-0.239639514,-0.29690495,-0.225629129,-0.251477952,-0.207516672,-0.250677505,-0.214088377,-0.193380885,-0.205194509,-0.155797075,-0.177718109,-0.238726847,-0.193135321,-0.242821243,-0.293294829,-0.271676642,-0.228293619,-0.092647488,-0.136818841,-0.265640994,-0.22063595,-0.232870922,-0.169173865,-0.218256756,-0.202664693,-0.211333877,-0.185308684,-0.273967051,-0.24623872,-0.170004158,-0.292296943,-0.261724538,-0.165579099
0.246794919,0.151919919,0.098238312,0.065739266,-0.073739459,0.427362823,-0.007281002,-0.043616739,-0.053715464,0.267893759,-0.178327311,0.345782124,0.238635152,-0.108313248,0.468987558,1,0.285234963,0.190336602,0.031718585,0.305043627,0.213642348,-0.181960755,0.401683403,0.120806322,0.641044446,0.349109429,0.502673486,0.377884137,0.541229222,0.280919757,0.087441847,0.339077074,0.249281434,0.131434952,0.010110831,0.115174085,0.066830947,0.501910155,0.486720566,0.503606417,0.386252629,-0.051761498,0.526437014,0.108071995,0.148321448,0.028723835,0.287994957,0.062852759,0.28421207,0.551578414,-0.440929199,-0.25746737,-0.297212155,-0.342811265,-0.296179555,-0.285413775,-0.346014393,-0.29144392,-0.329835415,-0.29781949,-0.281638933,-0.369265559,-0.219575898,-0.319749502,-0.38555726,-0.240013752,-0.33308274,-0.384045182,-0.239884532,-0.21500254,-0.345206307,-0.342083414,-0.342062391,-0.205721966,-0.349742581,-0.330511729,-0.266022321,-0.374247055,-0.311950163,-0.324956359,-0.329177915,-0.335136304,-0.263395885,-0.294021155,-0.166256682,-0.299646124,-0.342965647,-0.210372121,-0.306557202,-0.206217545,-0.250359695,-0.336302276,-0.291916661,-0.28353346,-0.364443823,-0.323833067,-0.364340242,-0.389541833,-0.354653163,-0.358663371
0.271949544,0.117283526,-0.104554254,0.179917466,-0.217840333,0.19172078,0.042448996,-0.118730251,-0.20433701,0.423405914,-0.144864657,0.197859662,0.692498308,-0.169760783,0.256595127,0.285234963,1,-0.082866551,-0.026142825,0.127175392,0.001275966,-0.14810064,0.413054217,0.086929528,0.213986966,0.256053778,0.275675705,0.326784463,0.282773408,0.432639175,-0.02250938,0.254180246,0.373278388,0.006446673,-0.015043019,-0.048265585,0.003394755,0.258601992,0.330318364,0.394689225,0.097398024,-0.170924184,0.267679252,-0.175061654,0.055979968,-0.001848679,0.343664474,-0.092768514,0.384143789,0.275445259,-0.326403009,-0.218270739,-0.216963293,-0.297301215,-0.199050164,-0.240120509,-0.218920391,-0.193163613,-0.284005409,-0.257816746,-0.206497848,-0.271888851,-0.183386309,-0.164319412,-0.195481974,-0.168515308,-0.188534249,-0.238283025,-0.248071726,-0.1389841,-0.201291997,-0.162068714,-0.295848129,-0.100822122,-0.247761847,-0.121032116,-0.229944724,-0.276121144,-0.198939596,-0.237127919,-0.240742388,-0.24286593,-0.183064314,-0.127640737,-0.137338785,-0.138270364,-0.223439191,-0.136352544,-0.229944724,-0.121272058,-0.142820546,-0.202226647,-0.251903501,-0.215540709,-0.270911141,-0.204168948,-0.21957948,-0.190484483,-0.211796579,-0.215019295
0.239017521,0.38520124,0.188100291,0.144038944,-0.014796107,0.121027739,0.114560831,0.070387083,0.092046149,-0.000939309,0.16217963,-0.030964177,-0.02115708,-0.044675355,0.104336718,0.190336602,-0.082866551,1,0.412593756,0.093923044,0.243051917,0.212727053,-0.000795061,0.232156947,0.073306807,0.064444256,0.113085485,-0.012360753,0.094652726,-0.041549686,0.249327935,0.051148296,0.036686659,0.320781017,0.323889426,0.418375566,0.391698744,0.116718781,0.111182907,0.037230175,-0.020801968,0.155063933,0.107084055,0.028351614,-0.006183787,-0.092815603,-0.037120889,0.691577084,-0.048455213,-0.001493688,-0.163769141,-0.22541421,-0.182539129,-0.214255438,-0.173713283,-0.188858428,-0.183605357,-0.072385306,-0.192612764,-0.142033955,-0.13635946,-0.13243038,-0.189993101,-0.169834521,-0.202143295,-0.174059796,-0.195251851,-0.19711496,-0.210046334,-0.273950083,-0.158877944,-0.213651349,-0.16057133,-0.255819523,-0.147909525,-0.126054646,-0.08593077,-0.136036897,-0.130586128,-0.15453917,-0.112797573,-0.202770476,-0.275757661,-0.132122516,-0.100586608,-0.102418823,-0.191140458,-0.267581462,-0.123573477,-0.177366268,-0.259225312,-0.163477031,-0.089024236,-0.123533215,-0.138996088,-0.250030619,-0.177806066,-0.197244094,-0.170317928,-0.173418951
0.269419819,0.207480511,-0.026913904,0.244469565,0.031022638,0.13662415,0.170991702,0.02502839,0.201495844,0.095963261,0.183127701,-0.034481868,0.082723311,-0.049792423,-0.05608196,0.031718585,-0.026142825,0.412593756,1,0.068826931,-0.000895237,0.299038173,0.038746558,0.055873468,0.122823031,0.116476847,-0.020901805,-0.01359111,0.106964095,0.144070203,0.060006029,0.057954146,-0.034990466,0.432642426,0.578737261,0.471277603,0.321332003,-0.030051481,-0.017633988,0.087550452,0.108858804,0.068226998,-0.062434494,-0.061861676,0.062023328,-0.054528259,-0.002075693,0.483041882,0.208182852,0.077272823,-0.183683155,-0.198161417,-0.20499432,-0.240639932,-0.160401083,-0.211898402,-0.206183219,-0.045583269,-0.160109258,-0.113237217,-0.153048927,-0.148502616,-0.213286102,-0.147104916,-0.173486955,-0.066672208,-0.219201354,-0.221314031,-0.184763508,-0.210630539,-0.178269163,-0.239960358,-0.180190972,-0.202735292,-0.165871636,-0.141404325,-0.096295133,-0.096937516,-0.104720581,-0.173435326,-0.075724692,-0.227691596,-0.212483338,-0.111280228,-0.160056149,-0.022326564,-0.170997735,-0.206183219,-0.138663636,-0.199065144,-0.249567514,-0.183489792,-0.099721861,-0.101918069,-0.155921646,-0.1918159,-0.199577565,-0.164992242,-0.191154515,-0.139856991
0.135088934,0.043671227,-0.133894807,0.185957985,-0.122045399,0.277790113,0.072922463,-0.098853254,-0.05566975,0.209447995,-0.068295603,0.423586288,0.104426058,-0.11129794,0.172069017,0.305043627,0.127175392,0.093923044,0.068826931,1,-0.051003945,-0.071481814,0.293674728,0.162387345,0.379953024,0.4395983,0.149389801,0.352997545,0.341787228,0.347450899,-0.127239163,0.382146865,0.215837666,0.167912375,0.09279991,0.190217589,0.067301938,0.195069418,0.251003134,0.380005197,0.478280329,-0.001707682,0.142483546,-0.074528752,0.116978232,-0.06808341,0.177672686,-0.008747555,0.416756935,0.29314601,-0.26151691,-0.31696249,-0.213732389,-0.250058714,-0.132945785,-0.226762617,-0.215229076,-0.159059565,-0.282400953,-0.169306613,-0.204010804,-0.215406646,-0.333813843,-0.199057224,-0.237389207,-0.203493931,-0.230651138,-0.285590295,-0.245369291,-0.314731064,-0.190509335,-0.299434978,-0.244440271,-0.293022242,-0.239156547,-0.152186862,-0.147945385,-0.165492542,-0.155483984,-0.233539103,-0.286885916,-0.238088935,-0.316740371,-0.119652714,-0.262517164,-0.125872308,-0.222454831,-0.307349037,-0.065358925,-0.211183334,-0.296581599,-0.14448798,-0.158320372,-0.110436778,-0.167811176,-0.33076047,-0.264847944,-0.232877703,-0.202791142,-0.20625541
0.066453758,0.128588382,0.307324331,0.0331233,0.071616777,0.174190658,0.381714583,-0.040638638,0.147922616,0.12570564,-0.064126159,-0.11818103,0.042066343,0.040758203,0.078827665,0.213642348,0.001275966,0.243051917,-0.000895237,-0.051003945,1,-0.067448144,0.032538943,0.092056489,0.077773476,0.022216939,0.086098194,-0.085932025,-0.030038104,0.01164909,0.552958805,0.091905529,-0.082394102,-0.037780131,-0.072132602,0.011529296,0.15838559,0.169414393,0.012025065,0.081564172,0.013413608,0.389384537,0.192702635,0.121340672,0.304097618,0.087204734,-0.090151557,0.109615867,0.005632398,0.072101736,-0.200598066,-0.044220542,-0.124292391,-0.045537221,-0.17116946,-0.092397791,-0.026346453,-0.089881429,-0.174816811,-0.172251432,-0.12101168,-0.162753793,0.057866678,-0.203943314,-0.188071283,-0.164610806,-0.062043203,-0.181198397,-0.094166933,-0.025603245,-0.136361961,-0.097720382,-0.195031575,-0.041915777,-0.119241697,-0.154023762,-0.150248051,-0.224096362,-0.201236063,-0.135578096,0.017046824,-0.13377432,-0.027151493,-0.159203643,0.021245673,-0.173965101,-0.13881898,-0.026346453,-0.150248051,-0.039853613,-0.092386405,-0.145442629,-0.160445508,-0.149221632,-0.22370518,-0.022105229,-0.158581957,-0.179892274,-0.206415192,-0.097501239
0.166375867,0.023724298,0.247089395,0.181959232,0.259931231,-0.10509011,0.129636704,0.369045242,0.454635921,-0.20463712,0.727952927,-0.115426369,-0.15040301,0.219870966,-0.145079623,-0.181960755,-0.14810064,0.212727053,0.299038173,-0.071481814,-0.067448144,1,-0.127401866,0.08052983,-0.124015095,-0.027723517,-0.094754499,-0.174310363,-0.039196088,-0.12512753,0.086486045,-0.093948425,-0.000165685,0.058124592,0.293487155,0.139186883,0.24360611,-0.052009723,0.023044855,-0.080424383,-0.041569144,0.180358115,-0.158070429,0.116180235,-0.120939049,0.13793705,0.052018893,0.226949651,-0.088238915,-0.068081717,0.006702582,-0.058821577,-0.109174294,-0.140627957,-0.145079623,-0.026144652,-0.033032715,0.034403483,0.00495554,-0.038682695,-0.04328813,0.019413506,-0.164309061,-0.031158733,-0.027483992,-0.108883945,-0.085427191,-0.095725969,-0.134426768,-0.181810976,-0.025935716,-0.139738214,-0.036013035,-0.187975983,0.016602666,-0.004611121,0.041674339,0.014355901,0.09088905,-0.04077317,0.032668563,-0.110977059,-0.184404516,-0.005308715,0.038505368,0.101880085,-0.067649855,-0.178936932,-0.023727951,-0.052004139,-0.197550693,-0.053829732,0.061136866,-0.0489545,-0.005084523,-0.164660595,-0.060615667,-0.001115384,0.034302583,-0.054361708
0.431994436,0.051427023,-0.085072712,0.243832575,-0.073313157,0.422262334,-0.002684158,0.016140997,-0.051641047,0.456900716,-0.123809865,0.26175459,0.442121785,-0.009226458,0.257650297,0.401683403,0.413054217,-0.000795061,0.038746558,0.293674728,0.032538943,-0.127401866,1,0.134707052,0.364992994,0.37998344,0.315215363,0.211449889,0.454136614,0.468357649,-0.036893849,0.447547021,0.429639892,0.03573186,0.147788536,0.089467261,0.035594895,0.252831273,0.563436726,0.638776295,0.374779986,0.060721524,0.343571998,0.025020781,0.092920417,0.087677214,0.475324708,-0.003901347,0.443716056,0.395093123,-0.398858653,-0.269507848,-0.313248996,-0.361534194,-0.313541405,-0.229236854,-0.268443083,-0.271884984,-0.347026626,-0.266501048,-0.252827827,-0.332604963,-0.286161513,-0.337744608,-0.352219658,-0.296345777,-0.292678721,-0.405368332,-0.356123413,-0.224726656,-0.363599274,-0.308036773,-0.360420607,-0.215534682,-0.305511592,-0.25113999,-0.236747134,-0.337642231,-0.286637655,-0.290611914,-0.29490786,-0.353033303,-0.27664561,-0.272897499,-0.221153517,-0.2208962,-0.36264674,-0.219924597,-0.28024444,-0.15594289,-0.263509146,-0.3545885,-0.258198019,-0.261991096,-0.330770166,-0.342007822,-0.327623565,-0.411056362,-0.373849293,-0.32188089
0.128404616,0.028336498,0.13580592,0.139727769,-0.007258759,0.24239866,0.193097767,0.156640466,0.070130829,0.144989078,0.146590534,0.050442946,0.134817006,0.009910566,0.059432959,0.120806322,0.086929528,0.232156947,0.055873468,0.162387345,0.092056489,0.08052983,0.134707052,1,0.183838589,0.228497992,0.06547635,-0.007712375,0.262784164,0.059400363,0.169360587,0.153501518,0.176970497,0.090023533,0.079975221,0.108891383,0.311582324,0.10705021,0.142849552,0.20134622,0.174009425,0.200023055,0.09859782,0.04501919,0.148095853,0.111665177,0.133231365,0.249476036,0.125285692,0.091670644,-0.18388248,-0.142314647,-0.161123267,-0.192727485,-0.165238006,-0.213752557,-0.160958076,-0.156227562,-0.22076186,-0.211424367,-0.155558202,-0.147992795,-0.217628357,-0.195982457,-0.232906682,-0.155020807,-0.223918491,-0.167581483,-0.243018622,-0.216346621,-0.12026692,-0.19204151,-0.182428384,-0.254830987,-0.165545816,-0.19324747,-0.140194328,-0.212199327,-0.193869767,-0.175881811,-0.12524347,-0.17600436,-0.270768356,-0.151756784,-0.060264338,-0.113677763,-0.12766549,-0.211849083,-0.140194328,-0.140925354,-0.259746452,-0.13159467,-0.148631325,-0.141414642,-0.213087284,-0.196954914,-0.203049496,-0.165513414,-0.135325136,-0.138805103
0.277983031,-0.062370203,-0.131947827,0.209040126,-0.070119751,0.391207451,0.044647746,-0.035595134,-0.047939609,0.232105348,-0.120387325,0.462631651,0.19426827,-0.107419379,0.337891337,0.641044446,0.213986966,0.073306807,0.122823031,0.379953024,0.077773476,-0.124015095,0.364992994,0.183838589,1,0.390509103,0.362819774,0.285174787,0.600014752,0.34667059,-0.079524553,0.37845277,0.200393844,0.225609081,0.020406765,0.21283523,0.081695805,0.303154747,0.240113728,0.465106964,0.568776228,0.010998149,0.276277195,-0.019324574,0.061888053,-0.009436619,0.158723444,0.153881217,0.317341337,0.610529459,-0.332085992,-0.211481518,-0.26604783,-0.309179702,-0.242977388,-0.296772634,-0.367231309,-0.23605333,-0.347632337,-0.218478621,-0.208225619,-0.275247568,-0.285753354,-0.339368402,-0.297304956,-0.118021879,-0.35113527,-0.349938806,-0.303957978,-0.274719835,-0.306614974,-0.25481629,-0.361461773,-0.259458293,-0.36835367,-0.300585943,-0.23677698,-0.221994009,-0.287562267,-0.343535911,-0.295137699,-0.298086755,-0.32760428,-0.235347981,-0.171056189,-0.172013055,-0.319057647,-0.268550353,-0.23677698,-0.093912038,-0.307671303,-0.302476528,-0.258073521,-0.186226026,-0.331445697,-0.297070838,-0.385512943,-0.353780294,-0.375055226,-0.207789797
0.28501713,0.086643258,-0.111172788,0.162585236,0.009519079,0.362349793,-0.01766262,0.060877974,0.036425639,0.421734487,-0.091111153,0.235042561,0.276203318,0.084325806,0.194189826,0.349109429,0.256053778,0.064444256,0.116476847,0.4395983,0.022216939,-0.027723517,0.37998344,0.228497992,0.390509103,1,0.378575069,0.186466862,0.488293656,0.399559492,-0.05649415,0.788845489,0.244607735,0.108108178,0.14873956,0.171816784,0.2073468,0.312028547,0.326884225,0.486403342,0.349926489,-0.012328645,0.367910085,0.064736972,0.169007454,0.023475736,0.468284377,0.024702354,0.405630379,0.379395993,-0.391393145,-0.380743524,-0.311001279,-0.360404499,-0.280679328,-0.430229962,-0.260456133,-0.273478448,-0.276734819,-0.311699998,-0.295411303,-0.325222924,-0.400601438,-0.191233117,-0.287538668,-0.294780185,-0.280214625,-0.344061478,-0.296400508,-0.376901946,-0.233183795,-0.359571408,-0.295850243,-0.350349308,-0.290994758,-0.241035069,-0.229162052,-0.330596137,-0.237262661,-0.282467305,-0.344797338,-0.288363466,-0.379265611,-0.231229929,-0.26183789,-0.208548381,-0.268205122,-0.368020407,-0.277378272,-0.257583727,-0.354388476,-0.294833379,-0.248613256,-0.261551504,-0.265781013,-0.344106201,-0.319908627,-0.218600369,-0.247347635,-0.313781334
0.157301049,0.211823492,-0.013137809,0.089436929,-0.094593052,0.182731428,-0.024783857,-0.067155597,-0.169513031,0.227241176,-0.148542634,0.335663975,0.296291473,-0.034998222,0.765705022,0.502673486,0.275675705,0.113085485,-0.020901805,0.149389801,0.086098194,-0.094754499,0.315215363,0.06547635,0.362819774,0.378575069,1,0.432729376,0.323615198,0.241133981,0.070319167,0.290881368,0.199867796,-0.019818778,-0.049122998,-0.045601787,0.012319791,0.689247481,0.374981217,0.229056367,0.24577333,-0.126767,0.732939596,0.090051837,0.069587921,-0.135589461,0.199626949,-0.023442469,0.211161042,0.352865712,-0.349170398,-0.230975032,-0.276238423,-0.319634001,-0.24770425,-0.317794104,-0.233352244,-0.207215072,-0.249314923,-0.276840868,-0.262188131,-0.23675312,-0.246323608,-0.215781479,-0.309897342,-0.21993359,-0.252328738,-0.306465215,-0.314621937,-0.238619402,-0.265893054,-0.269028055,-0.265115034,-0.226595778,-0.203590098,-0.216845291,-0.205498302,-0.295175689,-0.212290344,-0.203821983,-0.256878585,-0.310649717,-0.287795542,-0.206025566,-0.142616828,-0.143881644,-0.239137668,-0.233352244,-0.246657231,-0.177923857,-0.231077125,-0.263586572,-0.223387185,-0.231838531,-0.290059834,-0.260827173,-0.232411781,-0.254604074,-0.276881261,-0.227405468
0.074342903,0.187786003,-0.045951959,0.082234529,-0.195391,0.061449773,-0.051556587,-0.143741463,-0.181939726,0.227584501,-0.121654931,0.481378129,0.260620454,-0.231195862,0.520654354,0.377884137,0.326784463,-0.012360753,-0.01359111,0.352997545,-0.085932025,-0.174310363,0.211449889,-0.007712375,0.285174787,0.186466862,0.432729376,1,0.321162181,0.292547931,-0.082634732,0.159303389,0.177507269,0.07688185,-0.073432725,0.02849444,-0.085481593,0.363213983,0.268600179,0.165577997,0.21790116,-0.193267893,0.39207004,-0.114617971,-0.022301145,-0.069963025,0.177414079,-0.047021336,0.214209366,0.409131208,-0.348946318,-0.193444881,-0.117275063,-0.270608745,-0.064114003,-0.267178778,-0.156676534,-0.115414384,-0.256377575,-0.156547065,-0.18575892,-0.291491266,-0.206619431,-0.181634601,-0.216948729,-0.113102755,-0.164426613,-0.212785972,-0.223298123,-0.11906238,-0.223610936,-0.226811135,-0.26844845,-0.119855888,-0.220107478,-0.182090283,-0.172880779,-0.202171846,-0.178821658,-0.212951466,-0.216368895,-0.262579202,-0.161463931,-0.080481039,-0.197439486,-0.119092513,-0.201840212,-0.116939156,-0.10163087,-0.195096368,-0.159955748,-0.136248824,-0.227973951,-0.134527959,-0.244885995,-0.183026332,-0.194678182,-0.16626122,-0.233229477,-0.190380725
0.316914861,0.077690543,-0.065516997,0.243610277,-0.158812075,0.303572023,-0.025785358,-0.012438574,-0.028527985,0.3364793,-0.035727708,0.472451522,0.264790477,-0.147225141,0.301051482,0.541229222,0.282773408,0.094652726,0.106964095,0.341787228,-0.030038104,-0.039196088,0.454136614,0.262784164,0.600014752,0.488293656,0.323615198,0.321162181,1,0.422548204,-0.114073089,0.553475062,0.318988599,0.298777786,0.137815669,0.246178208,0.151280145,0.253711852,0.354700358,0.571032941,0.483354842,0.036940198,0.313740849,-0.051359717,0.04411273,0.013140609,0.276925103,0.058281943,0.319240908,0.497633124,-0.325972999,-0.324318525,-0.315493305,-0.365190146,-0.283348072,-0.362018821,-0.318905786,-0.276412144,-0.346651675,-0.264461099,-0.251372744,-0.269334248,-0.405682867,-0.294802709,-0.353818612,-0.25077043,-0.350323377,-0.349776622,-0.359426146,-0.380872617,-0.302933337,-0.364362797,-0.302142434,-0.353475592,-0.298731939,-0.24689739,-0.186689944,-0.274377971,-0.242028855,-0.288284722,-0.349691144,-0.354683657,-0.437785616,-0.235124978,-0.214315827,-0.214646859,-0.321831888,-0.371855541,-0.234159926,-0.201385203,-0.357330354,-0.300570033,-0.200777653,-0.223734164,-0.272245192,-0.397717955,-0.326067472,-0.353095709,-0.315667934,-0.319973785
0.334720213,0.05884693,-0.126418156,0.352090694,-0.155367729,0.226377968,0.189739377,-0.052869988,-0.140885276,0.598538231,-0.12212175,0.29005667,0.462045461,-0.107506553,0.166565549,0.280919757,0.432639175,-0.041549686,0.144070203,0.347450899,0.01164909,-0.12512753,0.468357649,0.059400363,0.34667059,0.399559492,0.241133981,0.292547931,0.422548204,1,-0.083094964,0.443512448,0.269582323,0.133924521,0.068076547,0.058263402,0.047060642,0.223026457,0.26413277,0.462352727,0.35977713,-0.103946547,0.233798278,-0.075646271,0.204873636,0.093519796,0.304549499,-0.016972577,0.782588686,0.468083044,-0.346833658,-0.375643751,-0.308992862,-0.397057375,-0.208894316,-0.377435251,-0.313343548,-0.23324106,-0.348342108,-0.232859266,-0.256277285,-0.289772274,-0.345341265,-0.217092029,-0.260512901,-0.184472868,-0.304597532,-0.30294303,-0.307224773,-0.280730714,-0.26881105,-0.353704835,-0.356505258,-0.260627746,-0.370676053,-0.181447936,-0.207368276,-0.247749869,-0.212781305,-0.337919667,-0.383941648,-0.350089235,-0.32291805,-0.173069975,-0.235899713,-0.157584126,-0.309721799,-0.274091212,-0.277748495,-0.289006394,-0.263505411,-0.305956901,-0.266548696,-0.195164694,-0.243639391,-0.330378745,-0.285643457,-0.306764829,-0.2775216,-0.326387568
0.00078613,0.205029859,0.588291017,0.007921962,0.101386967,0.167306661,0.351821572,0.041607013,0.018992819,0.043882315,0.021550872,-0.159580293,0.021989245,0.067500307,0.06382879,0.087441847,-0.02250938,0.249327935,0.060006029,-0.127239163,0.552958805,0.086486045,-0.036893849,0.169360587,-0.079524553,-0.05649415,0.070319167,-0.082634732,-0.114073089,-0.083094964,1,-0.146427035,-0.120263589,-0.068079368,-0.012993323,-0.014100531,0.103441856,0.16175614,0.029266068,0.00717101,-0.067226262,0.400153803,0.063486745,0.211837228,0.119358526,0.119924251,-0.038772034,0.05417385,-0.055107523,-0.08325985,-0.122758057,-0.025621862,-0.066317569,-0.028692714,-0.097030056,-0.074599226,-0.118207943,-0.126687614,0.022535496,-0.1202796,-0.067703833,-0.094922828,-0.039644193,-0.05915655,-0.00264809,-0.116830602,-0.11023743,-0.116666772,-0.142703916,-0.063686624,-0.064991793,-0.087467834,-0.133581575,-0.077591735,-0.107594993,-0.152530901,-0.052565908,-0.163568182,-0.111430584,-0.13046114,-0.075841955,-0.065186882,-0.06549481,-0.077264756,0.099435407,-0.122085694,-0.036025722,-0.063552893,-0.101564704,-0.019901144,-0.085666715,-0.082264017,-0.104253173,-0.109365655,-0.168190535,-0.056855501,-0.154357315,-0.04718727,-0.145334168,-0.085712324
0.284890461,0.108083308,-0.106431368,0.21909985,0.095296444,0.313368981,-0.022728664,0.09950337,0.121835869,0.399637569,-0.090569036,0.275770063,0.273656073,0.115568726,0.165679689,0.339077074,0.254180246,0.051148296,0.057954146,0.382146865,0.091905529,-0.093948425,0.447547021,0.153501518,0.37845277,0.788845489,0.290881368,0.159303389,0.553475062,0.443512448,-0.146427035,1,0.286740102,0.125278998,0.167145375,0.183383322,0.136205588,0.187471791,0.282782495,0.513068123,0.301751886,0.033698322,0.318890323,0.096552085,0.178019551,0.012293576,0.407148773,0.015511415,0.385877597,0.328594496,-0.356961756,-0.345906212,-0.329160457,-0.327312611,-0.28898466,-0.391693361,-0.190739397,-0.283516215,-0.367071271,-0.283374695,-0.268430028,-0.296897117,-0.363616956,-0.264204322,-0.317083205,-0.267868702,-0.257282139,-0.368501634,-0.270703595,-0.292524375,-0.27138374,-0.378219887,-0.324905676,-0.274253427,-0.328607448,-0.221160206,-0.20977812,-0.301691816,-0.258930718,-0.309098911,-0.262385845,-0.317859349,-0.34352307,-0.24797103,-0.191914419,-0.238733764,-0.288467412,-0.285804886,-0.252391698,-0.237369971,-0.320353509,-0.320673571,-0.227911289,-0.237444393,-0.24386569,-0.311743968,-0.347563115,-0.316404579,-0.282824733,-0.341790547
